M1 = 10000;
M2 = 15000;
k = 10000;
F = 10000;
mu = 0.0015;
g = 9.8;
